,annotator_0,annotator_1,annotator_2,annotator_3,annotator_4,annotator_5,annotator_6,annotator_7
annotator_0,1.0,0.73,0.74,0.8,0.8,0.87,0.71,0.87
annotator_1,0.73,1.0,0.87,0.94,0.94,0.87,0.71,0.74
annotator_2,0.74,0.87,1.0,0.82,0.93,0.87,0.81,0.86
annotator_3,0.8,0.94,0.82,1.0,0.88,0.94,0.66,0.82
annotator_4,0.8,0.94,0.93,0.88,1.0,0.94,0.76,0.8
annotator_5,0.87,0.87,0.87,0.94,0.94,1.0,0.71,0.87
annotator_6,0.71,0.71,0.81,0.66,0.76,0.71,1.0,0.81
annotator_7,0.87,0.74,0.86,0.82,0.8,0.87,0.81,1.0
