,annotator_0,annotator_1,annotator_2,annotator_3,annotator_4,annotator_5,annotator_6,annotator_7
annotator_0,1.0,0.62,0.65,0.7,0.13,0.43,0.86,0.4
annotator_1,0.62,1.0,0.58,0.77,0.15,0.32,0.64,0.27
annotator_2,0.65,0.58,1.0,0.79,0.09,0.43,0.79,0.41
annotator_3,0.7,0.77,0.79,1.0,0.13,0.59,0.71,0.57
annotator_4,0.13,0.15,0.09,0.13,1.0,-0.06,0.1,-0.06
annotator_5,0.43,0.32,0.43,0.59,-0.06,1.0,0.48,0.59
annotator_6,0.86,0.64,0.79,0.71,0.1,0.48,1.0,0.46
annotator_7,0.4,0.27,0.41,0.57,-0.06,0.59,0.46,1.0
