,annotator_0,annotator_1,annotator_2,annotator_3,annotator_4,annotator_5,annotator_6,annotator_7
annotator_0,1.0,0.62,0.67,0.7,0.26,0.45,0.87,0.44
annotator_1,0.62,1.0,0.6,0.77,0.28,0.33,0.65,0.29
annotator_2,0.67,0.6,1.0,0.81,0.21,0.47,0.8,0.51
annotator_3,0.7,0.77,0.81,1.0,0.26,0.61,0.72,0.63
annotator_4,0.26,0.28,0.21,0.26,1.0,-0.1,0.23,-0.08
annotator_5,0.45,0.33,0.47,0.61,-0.1,1.0,0.51,0.6
annotator_6,0.87,0.65,0.8,0.72,0.23,0.51,1.0,0.55
annotator_7,0.44,0.29,0.51,0.63,-0.08,0.6,0.55,1.0
