141,99,74,67,54,40,43,49,32,36,19,20,20,23,19,14,10,10,10,4,4,7,3,6,6
99,118,71,58,55,35,41,41,30,34,23,20,19,15,17,13,7,11,10,6,3,8,3,4,9
74,71,98,54,49,30,31,34,25,25,16,17,16,18,13,9,9,9,7,6,5,6,3,4,7
67,58,54,84,39,24,28,30,19,27,13,18,11,12,10,7,5,9,5,5,5,6,2,3,4
54,55,49,39,70,17,25,25,21,25,13,11,16,13,13,4,7,7,6,4,2,6,2,4,6
40,35,30,24,17,49,15,30,10,13,7,8,8,8,5,8,5,6,5,2,3,3,0,1,1
43,41,31,28,25,15,52,18,12,21,5,6,9,6,7,8,6,3,6,0,2,4,2,1,4
49,41,34,30,25,30,18,61,16,15,14,11,9,9,10,7,2,6,3,1,4,4,1,2,3
32,30,25,19,21,10,12,16,36,12,7,10,5,11,11,2,1,5,2,3,3,2,3,3,4
36,34,25,27,25,13,21,15,12,41,10,7,5,13,9,4,4,5,6,3,2,5,2,3,4
19,23,16,13,13,7,5,14,7,10,23,4,8,3,5,1,0,6,2,2,1,2,1,3,3
20,20,17,18,11,8,6,11,10,7,4,28,4,3,3,1,3,3,2,2,3,2,0,1,1
20,19,16,11,16,8,9,9,5,5,8,4,26,2,3,5,8,1,6,0,1,3,2,1,2
23,15,18,12,13,8,6,9,11,13,3,3,2,24,9,3,2,4,3,2,1,2,2,1,3
19,17,13,10,13,5,7,10,11,9,5,3,3,9,22,0,0,4,1,1,2,1,2,2,2
14,13,9,7,4,8,8,7,2,4,1,1,5,3,0,16,5,0,5,2,0,1,0,0,1
10,7,9,5,7,5,6,2,1,4,0,3,8,2,0,5,13,0,7,0,0,2,0,0,0
10,11,9,9,7,6,3,6,5,5,6,3,1,4,4,0,0,11,0,1,1,2,1,1,1
10,10,7,5,6,5,6,3,2,6,2,2,6,3,1,5,7,0,12,2,0,2,0,0,2
4,6,6,5,4,2,0,1,3,3,2,2,0,2,1,2,0,1,2,9,2,0,0,0,1
4,3,5,5,2,3,2,4,3,2,1,3,1,1,2,0,0,1,0,2,7,0,0,0,0
7,8,6,6,6,3,4,4,2,5,2,2,3,2,1,1,2,2,2,0,0,9,0,0,2
3,3,3,2,2,0,2,1,3,2,1,0,2,2,2,0,0,1,0,0,0,0,4,0,0
6,4,4,3,4,1,1,2,3,3,3,1,1,1,2,0,0,1,0,0,0,0,0,6,0
6,9,7,4,6,1,4,3,4,4,3,1,2,3,2,1,0,1,2,1,0,2,0,0,10
