,annotator_0,annotator_1,annotator_2,annotator_3,annotator_4,annotator_5,annotator_6,annotator_7
annotator_0,1.0,0.85,0.86,0.93,0.67,0.44,0.86,0.93
annotator_1,0.85,1.0,0.72,0.78,0.55,0.39,0.72,0.78
annotator_2,0.86,0.72,1.0,0.93,0.8,0.35,1.0,0.93
annotator_3,0.93,0.78,0.93,1.0,0.74,0.39,0.93,1.0
annotator_4,0.67,0.55,0.8,0.74,1.0,0.23,0.8,0.74
annotator_5,0.44,0.39,0.35,0.39,0.23,1.0,0.35,0.39
annotator_6,0.86,0.72,1.0,0.93,0.8,0.35,1.0,0.93
annotator_7,0.93,0.78,0.93,1.0,0.74,0.39,0.93,1.0
