,annotator_0,annotator_1,annotator_2,annotator_3,annotator_4,annotator_5,annotator_6,annotator_7
annotator_0,1.0,0.86,0.87,0.93,0.71,0.48,0.87,0.93
annotator_1,0.86,1.0,0.75,0.8,0.61,0.4,0.75,0.8
annotator_2,0.87,0.75,1.0,0.93,0.82,0.4,1.0,0.93
annotator_3,0.93,0.8,0.93,1.0,0.76,0.44,0.93,1.0
annotator_4,0.71,0.61,0.82,0.76,1.0,0.3,0.82,0.76
annotator_5,0.48,0.4,0.4,0.44,0.3,1.0,0.4,0.44
annotator_6,0.87,0.75,1.0,0.93,0.82,0.4,1.0,0.93
annotator_7,0.93,0.8,0.93,1.0,0.76,0.44,0.93,1.0
