120,91,39,53,36,14,17,19,10,14,19,20,18,14,21,11,10,5,8,4,11,4,5,10,0
91,116,33,52,35,10,14,18,8,14,17,22,18,16,24,11,14,6,9,4,7,4,4,8,0
39,33,82,22,29,12,8,15,6,5,13,12,16,7,11,10,8,6,3,6,15,2,10,6,1
53,52,22,83,37,10,11,13,11,11,26,17,25,10,27,18,13,1,7,9,2,3,9,9,1
36,35,29,37,93,18,19,18,13,9,25,17,28,12,25,17,23,7,6,18,4,7,15,12,2
14,10,12,10,18,74,18,7,10,14,9,9,7,9,7,6,4,7,3,3,1,5,2,6,1
17,14,8,11,19,18,68,7,20,16,10,8,9,13,7,3,6,9,3,4,2,6,2,6,1
19,18,15,13,18,7,7,47,4,5,8,14,6,4,6,3,5,2,4,0,4,2,3,9,0
10,8,6,11,13,10,20,4,57,14,3,4,6,8,7,2,3,5,3,3,1,2,4,2,3
14,14,5,11,9,14,16,5,14,50,6,5,5,8,8,3,2,4,5,3,0,3,3,1,0
19,17,13,26,25,9,10,8,3,6,43,13,16,5,14,11,11,2,5,9,1,5,7,8,2
20,22,12,17,17,9,8,14,4,5,13,41,9,3,9,6,3,2,5,2,3,2,4,14,0
18,18,16,25,28,7,9,6,6,5,16,9,43,9,15,11,7,4,4,8,3,5,6,8,0
14,16,7,10,12,9,13,4,8,8,5,3,9,54,5,6,5,6,3,4,2,4,4,1,0
21,24,11,27,25,7,7,6,7,8,14,9,15,5,41,13,10,0,4,7,0,3,4,7,0
11,11,10,18,17,6,3,3,2,3,11,6,11,6,13,33,10,0,2,7,0,3,6,5,0
10,14,8,13,23,4,6,5,3,2,11,3,7,5,10,10,31,0,2,7,0,4,6,4,0
5,6,6,1,7,7,9,2,5,4,2,2,4,6,0,0,0,23,1,0,0,3,0,1,0
8,9,3,7,6,3,3,4,3,5,5,5,4,3,4,2,2,1,20,0,1,1,3,2,0
4,4,6,9,18,3,4,0,3,3,9,2,8,4,7,7,7,0,0,21,1,2,3,2,2
11,7,15,2,4,1,2,4,1,0,1,3,3,2,0,0,0,0,1,1,21,0,1,2,0
4,4,2,3,7,5,6,2,2,3,5,2,5,4,3,3,4,3,1,2,0,20,0,1,1
5,4,10,9,15,2,2,3,4,3,7,4,6,4,4,6,6,0,3,3,1,0,18,1,0
10,8,6,9,12,6,6,9,2,1,8,14,8,1,7,5,4,1,2,2,2,1,1,18,0
0,0,1,1,2,1,1,0,3,0,2,0,0,0,0,0,0,0,0,2,0,1,0,0,13
